data_one = [0.19509647970202676, 0.013859012403933882,
            1.3051074191219127, 0.00559798197912329,
            7.622302281266133, 0.0002967843150390041]

err = [[[0.04031272694269973,0.4225229858223506],[0.02521011362799125,0.008191922344953684]],
	   [[0,41813372049260367,2,391579418234672],[0.009643883791544459,0,0027106339043648365]],
       [[2.391579418234672,13.396277245180157],[0.0004422514763163053,0.00023875515424585868]]


data_two = [0.23057477386777842, 0.014112576178114533,
			1.4188204439390977, 0.002521011362799125,
			7.947430841400854, 0,00018190411331788246]

err2 =[[[0.03989394912313859,0.4225229858223506],[0.017542621300415923,0,011149209970080926]],
       [[0.4225229858223506, 2.416684488955652],[0.003249458715591846,0.0018523222156741222]],
	   [[2,391579418234672,13.396277245180157],[0.00022205302450155378,0.00013859012403933895]]]



data_three = [3.170544016465083,0.00218063348750633,
              4.073590078887669,0.0012889504440725377,
              5.630758400486637,0.0008649836012976693,
              6.585581129489246,0.001000000000000001,
              8.373412652636478,0.000612916869592574,
              8.63988449483969,0.0004930754569028755,
              9.491268579601781,0.0005398628767382507,
              10.21104746064104,0.00033089106441964994,
              11.100728322376185,0.00036228897509242965]

err3 = [[[2.1999034870767016,4.073590078887669],[0.003966662010161203,0.0005497401800103742]],
        [[2.710856795140266,4.428518909226593],[0.002760227522090274,0.0006471778159406808]],
        [[4.116351680797693,6.382468236417373],[0.0016613932472747924,0.00019558636830395134]],
        [[5.630758400486637,8.914836421046015],[0.0022205302450155357,0.00030221426551783827]],
        [[7.310474696342756,9.102981779915218],[0.001517407974863496,0.00022611569515367476]],
        [[7.947430841400854,10.21104746064104],[0.0006241307649397468,0.00037566708903116]],
        [[8.63988449483969,10.535999393686478],[0.0009133346228248634,0.00027602275220902766]],
        [[9.198538297760338,11.100728322376185],[0.00048421626123015127,0.00021414535638539592]],
        [[10.758358985421784,11.335006374746552],[0.0005020967399614471,0.0002521011362799128]]]