#SubG n    Name                           MType      E(B-V)  (m-M)   E     e      D   E   e  D(MW) V(MW) D(M31) V(M31) D(LG) V(LG)  Vmag   E    e    Ell    VMag   E    e    R2   E   e      Mass    sigma*   E    e  vsini*   e     M.HI   sigHI   e    v.HI   e     Mdyn  [Fe/H]   e  
#                                                      mag    mag   mag   mag    kpc kpc kpc   kpc  km/s    kpc   km/s   kpc  km/s   mag  mag  mag          mag   mag  mag   pc   pc  pc   10+6Msun    km/s km/s km/s   km/s km/s  10+6Msun  km/s km/s   km/s km/s 10+6Msun  [Sun] [Sun]

MW   G    The-Galaxy                     S(B)bc     99.999  99.99 99.99 99.99  9999 999 999  9999  9999   9999   9999  9999  9999  99.9 99.9 99.9   0.00  999.9 99.9 99.9  9999 999 999  9999.99999   99.9 99.9 99.9   99.9 99.9   9.9e+99  99.9 99.9  999.9 99.9   999.99  99.99 99.99
MW   G    Canis-Major                    na          0.264  14.29  0.30  0.30     7   1   1    13  -117    786   -185   394  -172  -0.1  0.8  0.8   0.80  -14.4  0.8  0.8  9999 999 999    49.00000   20.0  3.0  3.0   99.9 99.9   9.9e+99  99.9 99.9  999.9 99.9   999.99  -0.50  0.20
MW   G    Sagittarius-dSph               dSph        0.153  17.10  0.15  0.15    26   2   2    18   169    791    149   400   159   3.6  0.3  0.3   0.64  -13.5  0.3  0.3  2587 219 219    21.00000   11.4  0.7  0.7   99.9 99.9   9.9e+99  99.9 99.9  999.9 99.9   190.00  -0.40  0.20
MW   G    Segue-(I)                      dSph        0.031  16.80  0.20  0.20    23   2   2    28   113    792     56   401    69  15.3  0.8  0.8   0.48   -1.5  0.8  0.8    29   8   5     0.00034    3.9  0.8  0.8   99.9 99.9   9.9e+99  99.9 99.9  999.9 99.9     0.26  -2.72  0.40
MW   G    Ursa-Major-II                  dSph        0.094  17.50  0.30  0.30    32   4   4    38   -33    771     11   380    -3  13.3  0.5  0.5   0.63   -4.2  0.6  0.6   149  21  21     0.00410    6.7  1.4  1.4   99.9 99.9   9.9e+99  99.9 99.9  999.9 99.9     3.90  -2.47  0.06
MW   G    Bootes-II                      dSph        0.031  18.10  0.06  0.06    42   1   1    40  -116    807   -174   416  -156  15.4  0.9  0.9   0.21   -2.7  0.9  0.9    51  17  17     0.00100   10.5  7.4  7.4   99.9 99.9   9.9e+99  99.9 99.9  999.9 99.9     3.30  -1.79  0.05
MW   G    Segue-II                       dSph        0.185  17.70  0.10  0.10    35   2   2    41    43    753    141   361   112  15.2  0.3  0.3   0.15   -2.5  0.3  0.3    35   3   3     0.00086    3.4  2.5  1.2   99.9 99.9   9.9e+99  99.9 99.9  999.9 99.9     0.23  -2.00  0.25
MW   G    Willman-1                      dSph        0.014  17.90  0.40  0.40    38   7   7    43    35    780     44   390    41  15.2  0.7  0.7   0.47   -2.7  0.8  0.8    25   6   6     0.00100    4.3  2.3  1.3   99.9 99.9   9.9e+99  99.9 99.9  999.9 99.9     0.27  -2.10 99.99
MW   G    Coma-Berenices                 dSph        0.017  18.20  0.20  0.20    44   4   4    45    82    802     32   412    46  14.1  0.5  0.5   0.38   -4.1  0.5  0.5    77  10  10     0.00370    4.6  0.8  0.8   99.9 99.9   9.9e+99  99.9 99.9  999.9 99.9     0.94  -2.60  0.05
MW   G    Bootes-III                     dSph?       0.021  18.35  0.10  0.10    47   2   2    46   240    800    207   410   219  12.6  0.5  0.5   0.50   -5.8  0.5  0.5  9999 999 999     0.01700   14.0  3.2  3.2   99.9 99.9   9.9e+99  99.9 99.9  999.9 99.9   999.99  -2.10  0.20
MW   G    LMC                            Irr         0.926  18.52  0.09  0.09    51   2   2    50    68    811     -6   421    12   0.4  0.1  0.1   0.00  -18.1  0.1  0.1  9999 999 999  1500.00000   20.2  0.5  0.5   49.8 15.9   4.6e+02  15.8  0.2   63.0  3.0   999.99  -0.50 99.99
MW   G    SMC                            dIrr        0.419  19.03  0.12  0.12    64   4   4    61     5    811    -48   422   -35   2.2  0.2  0.2   0.00  -16.8  0.2  0.2  9999 999 999   460.00000   27.6  0.5  0.5   99.9 99.9   4.6e+02  22.0  2.0   60.0  5.0   999.99  -1.00  0.02
MW   G    Bootes-(I)                     dSph        0.017  19.11  0.08  0.08    66   2   2    64   106    819     51   430    69  12.8  0.2  0.2   0.39   -6.3  0.2  0.2   242  21  21     0.02900    2.4  0.9  0.5   99.9 99.9   9.9e+99  99.9 99.9  999.9 99.9     0.81  -2.55  0.11
MW   G    Draco                          dSph        0.027  19.40  0.17  0.17    76   6   6    76   -96    754    -32   366   -46  10.6  0.2  0.2   0.31   -8.8  0.3  0.3   221  19  19     0.29000    9.1  1.2  1.2   99.9 99.9   9.9e+99  99.9 99.9  999.9 99.9    11.00  -1.93  0.01
MW   G    Ursa-Minor                     dSph        0.032  19.40  0.10  0.10    76   3   3    78   -85    758    -31   370   -44  10.6  0.5  0.5   0.56   -8.8  0.5  0.5   181  27  27     0.29000    9.5  1.2  1.2   99.9 99.9   9.9e+99  99.9 99.9  999.9 99.9     9.50  -2.13  0.01
MW   G    Sculptor                       dSph        0.018  19.67  0.14  0.14    86   6   6    86    79    765    106   379    97   8.6  0.5  0.5   0.32  -11.1  0.5  0.5   283  45  45     2.30000    9.2  1.4  1.4   99.9 99.9   2.2e-01  99.9 99.9  999.9 99.9    14.00  -1.68  0.01
MW   G    Sextans-(I)                    dSph        0.047  19.67  0.10  0.10    86   4   4    89    72    839    -14   450     6  10.4  0.5  0.5   0.35   -9.3  0.5  0.5   695  44  44     0.44000    7.9  1.3  1.3   99.9 99.9   9.9e+99  99.9 99.9  999.9 99.9    25.00  -1.93  0.01
MW   G    Ursa-Major-(I)                 dSph        0.020  19.93  0.10  0.10    97   4   4   102    -7    777      4   391     0  14.4  0.3  0.3   0.80   -5.5  0.3  0.3   319  50  50     0.01400    7.6  1.0  1.0   99.9 99.9   9.9e+99  99.9 99.9  999.9 99.9    11.00  -2.18  0.04
MW   G    Carina                         dSph        0.061  20.11  0.13  0.13   105   6   6   107     7    841    -70   454   -53  11.0  0.5  0.5   0.33   -9.1  0.5  0.5   250  39  39     0.38000    6.6  1.2  1.2   99.9 99.9   9.9e+99  99.9 99.9  999.9 99.9     6.30  -1.72  0.01
MW   G    Hercules                       dSph        0.063  20.60  0.20  0.20   132  12  12   126   145    826    133   444   141  14.0  0.3  0.3   0.68   -6.6  0.4  0.4   330  75  52     0.03700    3.7  0.9  0.9   99.9 99.9   9.9e+99  99.9 99.9  999.9 99.9     2.60  -2.41  0.04
MW   G    Fornax                         dSph        0.021  20.84  0.18  0.18   147  12  12   149   -33    772    -24   394   -30   7.4  0.3  0.3   0.30  -13.4  0.3  0.3   710  77  77    20.00000   11.7  0.9  0.9   99.9 99.9   1.7e-01  99.9 99.9  999.9 99.9    56.00  -0.99  0.01
MW   G    Leo-IV                         dSph        0.026  20.94  0.09  0.09   154   6   6   155    13    899    -78   513   -54  15.1  0.4  0.4   0.49   -5.8  0.4  0.4   206  37  37     0.01900    3.3  1.7  1.7   99.9 99.9   9.9e+99  99.9 99.9  999.9 99.9     1.30  -2.54  0.07
MW   G    Canes-Venatici-II              dSph        0.010  21.02  0.06  0.06   160   4   4   161   -95    837   -122   458  -113  16.1  0.5  0.5   0.52   -4.9  0.5  0.5    74  14  14     0.00790    4.6  1.0  1.0   99.9 99.9   9.9e+99  99.9 99.9  999.9 99.9     0.91  -2.21  0.05
MW   G    Leo-V                          dSph        0.027  21.25  0.12  0.12   178  10  10   179    59    915    -30   530    -7  16.0  0.4  0.4   0.50   -5.2  0.4  0.4   135  32  32     0.01100    3.7  2.3  1.4   99.9 99.9   9.9e+99  99.9 99.9  999.9 99.9     1.10  -2.00  0.20
MW   G    Pisces-II                      dSph        0.065  21.30 99.99 99.99   182 999 999   181  9999    660   9999   285  9999  16.3  0.5  0.5   0.40   -5.0 99.9 99.9    58  99  99     0.00860   99.9 99.9 99.9   99.9 99.9   9.9e+99  99.9 99.9  999.9 99.9   999.99  -1.90 99.99
MW   G    Canes-Venatici-(I)             dSph        0.014  21.69  0.10  0.10   218  10  10   218    78    864     54   493    62  13.1  0.2  0.2   0.39   -8.6  0.2  0.2   564  36  36     0.23000    7.6  0.4  0.4   99.9 99.9   9.9e+99  99.9 99.9  999.9 99.9    19.00  -1.98  0.01
MW   G    Leo-II                         dSph        0.017  21.84  0.13  0.13   233  14  14   236    24    901    -29   529   -16  12.0  0.3  0.3   0.13   -9.8  0.3  0.3   176  42  42     0.74000    6.6  0.7  0.7   99.9 99.9   9.9e+99  99.9 99.9  999.9 99.9     4.60  -1.62  0.01
MW   G,L  Leo-I                          dSph        0.036  22.02  0.13  0.13   254  15  15   258   174    922    111   551   125  10.0  0.3  0.3   0.21  -12.0  0.3  0.3   251  27  27     5.50000    9.2  1.4  1.4   99.9 99.9   9.9e+99  99.9 99.9  999.9 99.9    12.00  -1.43  0.01
M31  A    Andromeda                      Sb          0.684  24.47  0.07  0.07   783  25  25   787  -122      0      0   392   -34  99.9 99.9 99.9   0.00  999.9 99.9 99.9  9999 999 999  9999.99999   99.9 99.9 99.9   99.9 99.9   9.9e+99  99.9 99.9  999.9 99.9   999.99  99.99 99.99
M31  A    M32                            cE          0.154  24.53  0.21  0.21   805  78  78   809   -22     23    100   414    67   8.1  0.1  0.1   0.25  -16.4  0.2  0.2   110  16  16   320.00000   92.0  5.0  5.0   55.0  3.0   9.9e+99  99.9 99.9  999.9 99.9   540.00  -0.25 99.99
M31  A    Andromeda-IX                   dSph        0.075  24.42  0.07  0.07   766  25  25   770   -32     40     90   375    56  16.3  1.1  1.1   0.00   -8.1  1.1  1.1   557  29  29     0.15000    4.5  3.6  3.6   99.9 99.9   9.9e+99  99.9 99.9  999.9 99.9     6.50  -2.20  0.20
M31  A    NGC-205                        dE/dSph     0.085  24.58  0.07  0.07   824  27  27   828   -67     42     56   433    22   8.1  0.1  0.1   0.43  -16.5  0.1  0.1   590  31  31   330.00000   35.0  5.0  5.0   11.0  5.0   4.0e-01  16.1 99.9  999.9 99.9   420.00  -0.80  0.20
M31  A    Andromeda-XVII                 dSph        0.074  24.50  0.10  0.10   794  37  37   798  9999     45   9999   404  9999  15.8  0.4  0.4   0.27   -8.7  0.4  0.4   286  23  23     0.26000   99.9 99.9 99.9   99.9 99.9   9.9e+99  99.9 99.9  999.9 99.9   999.99  -1.90  0.20
M31  A    Andromeda-I                    dSph        0.053  24.36  0.07  0.07   745  24  24   749  -204     58    -82   355  -116  12.7  0.1  0.1   0.22  -11.7  0.1  0.1   672  69  69     3.90000   10.6  1.1  1.1   99.9 99.9   9.9e+99  99.9 99.9  999.9 99.9    44.00  -1.45  0.04
M31  A    Andromeda-XXVII                dSph        0.080  24.59  0.12  0.12   828  46  46   832  9999     75   9999   439  9999  16.7  0.5  0.5   0.40   -7.9  0.5  0.5   434  76  76     0.12000   99.9 99.9 99.9   99.9 99.9   9.9e+99  99.9 99.9  999.9 99.9   999.99  -1.70  0.20
M31  A    Andromeda-III                  dSph        0.056  24.37  0.07  0.07   748  24  24   752  -171     75    -49   360   -83  14.4  0.3  0.3   0.52  -10.0  0.3  0.3   479  46  46     0.83000    4.7  1.8  1.8   99.9 99.9   9.9e+99  99.9 99.9  999.9 99.9     6.10  -1.78  0.04
M31  A    Andromeda-XXV                  dSph        0.101  24.55  0.12  0.12   813  45  45   817  9999     88   9999   426  9999  14.8  0.5  0.5   0.25   -9.7  0.5  0.5   709  61  61     0.68000   99.9 99.9 99.9   99.9 99.9   9.9e+99  99.9 99.9  999.9 99.9   999.99  -1.80  0.20
M31  A    Andromeda-XXVI                 dSph        0.110  24.41  0.12  0.12   762  42  42   766  9999    103   9999   377  9999  17.3  0.5  0.5   0.25   -7.1  0.5  0.5   222  25  25     0.06000   99.9 99.9 99.9   99.9 99.9   9.9e+99  99.9 99.9  999.9 99.9   999.99  -1.90  0.20
M31  A    Andromeda-XI                   dSph        0.080  24.40  0.20  0.50   759  70 175   763  -255    104   -134   374  -167  17.5  1.2  1.2   0.00   -6.9  1.3  1.3   157  16  37     0.04900    4.6 99.9 99.9   99.9 99.9   9.9e+99  99.9 99.9  999.9 99.9     1.90  -2.00  0.20
M31  A    Andromeda-V                    dSph        0.125  24.44  0.08  0.08   773  28  28   778  -229    110   -109   389  -143  15.3  0.2  0.2   0.18   -9.1  0.2  0.2   315  46  46     0.39000   11.5  5.3  4.4   99.9 99.9   9.9e+99  99.9 99.9  999.9 99.9   999.99  -1.60  0.30
M31  A    Andromeda-X                    dSph        0.129  24.23  0.21  0.21   701  68  68   706     8    110    128   314    95  16.6  1.0  1.0   0.44   -7.6  1.0  1.0   265  33  33     0.09600    3.9  1.2  1.2   99.9 99.9   9.9e+99  99.9 99.9  999.9 99.9     2.30  -1.93  0.11
M31  A    Andromeda-XXIII                dSph        0.066  24.43  0.13  0.13   769  46  46   774  9999    127   9999   388  9999  14.2  0.5  0.5   0.40  -10.2  0.5  0.5  1029  76  76     1.10000   99.9 99.9 99.9   99.9 99.9   9.9e+99  99.9 99.9  999.9 99.9   999.99  -1.80  0.20
M31  A    Andromeda-XX                   dSph        0.059  24.52  0.74  0.24   802 273  89   805  9999    129   9999   420  9999  18.2  0.8  0.8   0.30   -6.3  1.1  0.8   124  53  17     0.02900   99.9 99.9 99.9   99.9 99.9   9.9e+99  99.9 99.9  999.9 99.9   999.99  -1.50  0.10
M31  A,L  Andromeda-XII                  dSph        0.110  24.70  0.30  0.30   871 120 120   875  -393    133   -272   485  -306  18.3  1.2  1.2   0.00   -6.4  1.2  1.2   304  66  66     0.03100    2.6  5.1  2.6   99.9 99.9   9.9e+99  99.9 99.9  999.9 99.9     1.20  -2.10  0.20
M31  A    NGC-147                        dE/dSph     0.172  24.15  0.09  0.09   676  28  28   680    -4    142    118   292    85   9.5  0.1  0.1   0.41  -14.6  0.1  0.1   623 999 999    62.00000   16.0  1.0  1.0   17.0  2.0   9.9e+99  99.9 99.9  999.9 99.9    93.00  -1.10  0.10
M31  A    Andromeda-XXI                  dSph        0.093  24.67  0.13  0.13   859  51  51   862  9999    150   9999   476  9999  14.8  0.6  0.6   0.20   -9.9  0.6  0.6   875  91  91     0.76000   99.9 99.9 99.9   99.9 99.9   9.9e+99  99.9 99.9  999.9 99.9   999.99  -1.80  0.20
M31  A,L  Andromeda-XIV                  dSph        0.060  24.33  0.33  0.33   735 112 112   739  -326    162   -208   361  -240  15.9  0.5  0.5   0.31   -8.4  0.6  0.6   363 180 180     0.20000    5.4  1.3  1.3   99.9 99.9   9.9e+99  99.9 99.9  999.9 99.9     6.10  -2.26  0.05
M31  A    Andromeda-XV                   dSph        0.047  24.00  0.20  0.20   631  58  58   636  -180    174    -61   247   -95  14.6  0.3  0.3   0.00   -9.4  0.4  0.4   222  22  22     0.49000   11.0  7.0  5.0   99.9 99.9   9.9e+99  99.9 99.9  999.9 99.9    16.00  -1.80  0.20
M31  A    Andromeda-XIII                 dSph        0.082  24.80  0.10  0.40   912  42 168   916   -34    180     86   528    53  18.1  1.2  1.2   0.00   -6.7  1.3  1.3   207  23  44     0.04100    9.7  8.9  4.5   99.9 99.9   9.9e+99  99.9 99.9  999.9 99.9    11.00  -1.90  0.20
M31  A    Andromeda-II                   dSph        0.061  24.07  0.06  0.06   652  18  18   657   -44    184     73   276    40  11.7  0.2  0.2   0.20  -12.4  0.2  0.2  1176  50  50     7.60000    7.3  0.8  0.8   99.9 99.9   9.9e+99  99.9 99.9  999.9 99.9    36.00  -1.64  0.04
M31  A    NGC-185                        dE/dSph     0.184  23.95  0.09  0.09   617  26  26   621   -17    187    105   234    72   9.2  0.1  0.1   0.15  -14.8  0.1  0.1   458 999 999    68.00000   24.0  1.0  1.0   15.0  5.0   1.1e-01  15.3  0.8  999.9 99.9   150.00  -1.30  0.10
M31  A    Andromeda-XXIX                 dSph        0.046  24.32  0.22  0.22   731  74  74   734  9999    188   9999   363  9999  16.0  0.3  0.3   0.35   -8.3  0.4  0.4   361  56  56     0.18000   99.9 99.9 99.9   99.9 99.9   9.9e+99  99.9 99.9  999.9 99.9   999.99  -1.80 99.99
M31  A    Andromeda-XIX                  dSph        0.062  24.85  0.13  0.13   933  56  56   936  9999    189   9999   548  9999  15.6  0.6  0.6   0.17   -9.2  0.6  0.6  1683 105 105     0.43000   99.9 99.9 99.9   99.9 99.9   9.9e+99  99.9 99.9  999.9 99.9   999.99  -1.90  0.10
M31  A    Triangulum                     Sc          0.041  24.54  0.06  0.06   809  22  22   814   -45    206     69   442    37   5.7  0.1  0.1   0.41  -18.8  0.1  0.1  9999 999 999  2900.00000   99.9 99.9 99.9   99.9 99.9   9.9e+99  99.9 99.9  999.9 99.9   999.99  99.99 99.99
M31  A    Andromeda-XXIV                 dSph        0.083  23.89  0.12  0.12   600  33  33   605  9999    208   9999   220  9999  16.3  0.5  0.5   0.25   -7.6  0.5  0.5   367  27  27     0.09300   99.9 99.9 99.9   99.9 99.9   9.9e+99  99.9 99.9  999.9 99.9   999.99  -1.80  0.20
M31  A    Andromeda-VII                  dSph        0.194  24.41  0.10  0.10   762  35  35   765   -98    218     24   401    -8  11.8  0.3  0.3   0.13  -12.6  0.3  0.3   776  42  42     9.50000    9.7  1.6  1.6   99.9 99.9   9.9e+99  99.9 99.9  999.9 99.9    42.00  -1.40  0.30
M31  A    Andromeda-XXII                 dSph        0.079  24.50 99.99 99.99   794 999 999   799  9999    221   9999   432  9999  18.0  0.8  0.8   0.56   -6.5  9.9  9.9   217  99  99     0.03400   99.9 99.9 99.9   99.9 99.9   9.9e+99  99.9 99.9  999.9 99.9   999.99  -1.80 99.99
M31  A    IC-10                          dIrr        1.568  24.50  0.12  0.12   794  44  44   798  -150    252    -32   440   -64   9.5  0.2  0.2   0.19  -15.0  0.2  0.2   612 999 999    86.00000   99.9 99.9 99.9   99.9 99.9   5.0e+01   8.0  1.0   34.0  5.0   999.99  -1.28 99.99
M31  A    LGS-3-(Local-Group-Suspect-3)  dIrr/dSph   0.040  24.43  0.07  0.07   769  25  25   773  -155    269    -43   422   -74  14.3  0.1  0.1   0.20  -10.1  0.1  0.1   470  47  47     0.96000    7.9  5.3  2.9   99.9 99.9   3.8e-01   9.1  0.3    5.0 99.9    17.00  -2.10  0.22
M31  A    Andromeda-VI                   dSph        0.063  24.47  0.07  0.07   783  25  25   785  -180    269    -62   435   -93  13.2  0.2  0.2   0.41  -11.3  0.2  0.2   524  49  49     2.80000    9.4  3.2  2.4   99.9 99.9   9.9e+99  99.9 99.9  999.9 99.9   999.99  -1.30  0.14
M31  A,L  Andromeda-XVI                  dSph        0.067  23.60  0.20  0.20   525  48  48   529  -229    279   -110   153  -143  14.4  0.3  0.3   0.00   -9.2  0.4  0.4   136  15  15     0.41000   10.0 99.9 99.9   99.9 99.9   9.9e+99  99.9 99.9  999.9 99.9     7.90  -2.10  0.20
Rest A,L  Andromeda-XXVIII               dSph?       0.096  24.10  0.50  0.20   661 152  61   661  9999    368   9999   364  9999  15.6  0.4  0.9   0.34   -8.5  0.4  1.0   213  64  45     0.21000   99.9 99.9 99.9   99.9 99.9   9.9e+99  99.9 99.9  999.9 99.9   999.99  99.99 99.99
Rest L    IC-1613                        dIrr        0.025  24.39  0.12  0.12   755  42  42   758  -154    520    -64   517   -90   9.2  0.1  0.1   0.11  -15.2  0.2  0.2  1496 999 999   100.00000   99.9 99.9 99.9   99.9 99.9   6.5e+01  25.0  3.0    5.9  1.0   999.99  -1.60  0.20
Rest L,G  Phoenix                        dIrr/dSph   0.016  23.09  0.10  0.10   415  19  19   415  -103    868   -104   556  -106  13.2  0.4  0.4   0.40   -9.9  0.4  0.4   454 999 999     0.77000   99.9 99.9 99.9   99.9 99.9   1.2e-01  10.0  4.0  999.9 99.9   999.99  -1.37  0.20
Rest L,G  NGC-6822                       dIrr        0.231  23.31  0.08  0.08   459  17  17   452    43    897     65   595    64   8.1  0.2  0.2   0.24  -15.2  0.2  0.2   354 999 999   100.00000   99.9 99.9 99.9   99.9 99.9   1.3e+02   5.8  1.9   47.0  2.0   999.99  -1.00  0.50
Rest L    Cetus                          dSph        0.029  24.39  0.07  0.07   755  24  24   756   -27    681     46   603    26  13.2  0.2  0.2   0.33  -11.2  0.2  0.2   703  31  31     2.60000   17.0  2.0  2.0    7.7  1.2   9.9e+99  99.9 99.9  999.9 99.9   120.00  -1.90  0.10
Rest L,A  Pegasus-dIrr                   dIrr/dSph   0.068  24.82  0.07  0.07   920  30  30   921   -21    474     89   618    60  12.6  0.2  0.2   0.46  -12.2  0.2  0.2   562 999 999     6.61000   99.9 99.9 99.9   99.9 99.9   5.9e+00   9.0 99.9   21.0 99.9   999.99  -1.40  0.20
Rest L,G  Leo-T                          dIrr/dSph   0.031  23.10  0.10  0.10   417  19  19   422   -58    991   -108   651   -98  15.1  0.5  0.5   0.00   -8.0  0.5  0.5   120   9   9     0.14000    7.5  1.6  1.6   99.9 99.9   2.8e-01   6.9  1.0  999.9 99.9     3.90  -1.99  0.05
Rest L    WLM-(Wolf-Lundmark-Melotte)    dIrr        0.038  24.85  0.08  0.08   933  34  34   932   -73    836     -6   794   -24  10.6  0.1  0.1   0.65  -14.2  0.1  0.1  2111 999 999    43.00000   17.5  2.0  2.0   20.8  2.0   6.1e+01   4.5  1.0   30.0  3.0   380.00  -1.27  0.04
Rest L    Leo-A                          dIrr        0.021  24.51  0.12  0.12   798  44  44   803   -19   1200    -46   941   -41  12.4  0.2  0.2   0.40  -12.1  0.2  0.2   499 999 999     6.00000    9.3  1.3  1.3   99.9 99.9   1.1e+01   9.3  1.4  999.9 99.9    25.00  -1.40  0.20
Rest L    Andromeda-XVIII                dSph        0.106  25.66  0.13  0.13  1355  81  81  1358  9999    591   9999   969  9999  16.0  9.9  9.9   0.00   -9.7 99.9 99.9   363  32  32     0.63000   99.9 99.9 99.9   99.9 99.9   9.9e+99  99.9 99.9  999.9 99.9   999.99  -1.80  0.10
Rest L    Aquarius                       dIrr/dSph   0.051  25.15  0.08  0.08  1072  39  39  1066   -27   1173     17  1053     9  14.5  0.1  0.1   0.50  -10.6  0.1  0.1   458  21  21     1.60000   99.9 99.9 99.9   99.9 99.9   4.1e+00   5.8  0.1  999.9 99.9   999.99  -1.30  0.20
Rest L    Tucana                         dSph        0.031  24.74  0.12  0.12   887  49  49   882    99   1355     62  1076    73  15.2  0.2  0.2   0.48   -9.5  0.2  0.2   284  54  54     0.56000   15.8  4.1  3.1   99.9 99.9   9.9e+99  99.9 99.9  999.9 99.9    41.00  -1.95  0.15
Rest L    Sagittarius-dIrr               dIrr        0.124  25.14  0.18  0.18  1067  88  88  1059     8   1356     20  1156    22  13.6  0.2  0.2   0.50  -11.5  0.3  0.3   282  28  28     3.50000   99.9 99.9 99.9   99.9 99.9   8.8e+00  10.0  1.0  999.9 99.9   999.99  -2.10  0.20
Rest L    UGC-4879                       dIrr/dSph   0.016  25.67  0.04  0.04  1361  25  25  1367   -27   1395     -4  1321   -12  13.2  0.2  0.2   0.44  -12.5  0.2  0.2   162  16  16     8.30000   99.9 99.9 99.9   99.9 99.9   9.5e-01  11.0  1.1  999.9 99.9   999.99  -1.50  0.20
Rest N    NGC-3109                       dIrr        0.067  25.57  0.08  0.08  1300  48  48  1301   193   1987     83  1633   110  10.7  0.1  0.1   0.82  -14.9  0.1  0.1  1626  71  71    76.00000   99.9 99.9 99.9   99.9 99.9   4.5e+02  10.0 99.9   72.4  0.5   999.99  -1.84  0.20
Rest N    Sextans-B                      dIrr        0.031  25.77  0.03  0.03  1426  20  20  1430   171   1943     97  1659   114  11.3  0.2  0.2   0.31  -14.5  0.2  0.2   440  42  42    52.00000   99.9 99.9 99.9   99.9 99.9   5.1e+01  18.0 99.9   71.0 99.9   999.99  99.99 99.99
Rest N    Antlia                         dIrr        0.079  25.65  0.10  0.10  1349  62  62  1350   151   2039     39  1684    66  15.2  0.2  0.2   0.40  -10.4  0.2  0.2   471  52  52     1.30000   99.9 99.9 99.9   99.9 99.9   7.3e-01   6.4  0.7  999.9 99.9   999.99  -1.60  0.10
Rest N    Sextans-A                      dIrr        0.045  25.78  0.08  0.08  1432  53  53  1435   163   2027     73  1711    94  11.5  0.1  0.1   0.17  -14.3  0.1  0.1  1029 999 999    44.00000   99.9 99.9 99.9   99.9 99.9   7.7e+01   8.0  1.0   20.0  2.0   999.99  -1.85 99.99
Rest N    HIZSS-3(A)                     (d)Irr?     1.013  26.12  0.14  0.14  1675 108 108  1682   139   1923    105  1760   109  99.9 99.9 99.9   0.00  999.9 99.9 99.9  9999 999 999  9999.99999   99.9 99.9 99.9   99.9 99.9   1.4e+01  99.9 99.9   42.0  4.0   999.99  99.99 99.99
Rest N    HIZSS-3B                       (d)Irr?     1.013  26.12  0.14  0.14  1675 108 108  1682   174   1923    140  1760   143  99.9 99.9 99.9   0.00  999.9 99.9 99.9  9999 999 999  9999.99999   99.9 99.9 99.9   99.9 99.9   2.6e+00  99.9 99.9  999.9 99.9   999.99  99.99 99.99
Rest N    KKR-25                         dIrr/dSph   0.009  26.40  0.07  0.07  1905  61  61  1904    31   1853     77  1838    67  15.9  0.2  0.2   0.41  -10.5  0.2  0.2   222 999 999     1.40000   99.9 99.9 99.9   99.9 99.9   9.9e+99  99.9 99.9  999.9 99.9   999.99  -2.10  0.30
Rest N    ESO-410--G-005                 dIrr/dSph   0.014  26.42  0.04  0.04  1923  35  35  1922  9999   1862   9999  1852  9999  14.9  0.3  0.3   0.37  -11.5  0.3  0.3   280 999 999     3.50000   99.9 99.9 99.9   99.9 99.9   7.3e-01  14.2  0.6  999.9 99.9   999.99  -1.93  0.20
Rest N    NGC-55                         Irr         0.013  26.43  0.12  0.12  1932 107 107  1930    98   1964    117  1909   111   7.9  0.1  0.1   0.83  -18.5  0.2  0.2  2900 999 999  2200.00000   99.9 99.9 99.9   99.9 99.9   1.3e+03  99.9 99.9   86.0  6.0   999.99  99.99 99.99
Rest N    ESO-294--G-010                 dIrr/dSph   0.006  26.54  0.04  0.04  2032  37  37  2030    72   2090     85  2023    81  15.3  0.3  0.3   0.51  -11.2  0.3  0.3   248  24  24     2.70000   99.9 99.9 99.9   99.9 99.9   3.4e-01   9.7  0.9  999.9 99.9   999.99  -1.48  0.17
Rest N    NGC-300                        Sc          0.013  26.59  0.06  0.06  2080  57  57  2079   103   2078    122  2042   116   8.1  0.1  0.1   0.29  -18.5  0.1  0.1  3025 999 999  2100.00000   99.9 99.9 99.9   99.9 99.9   1.8e+03  13.0  5.0   98.8  3.1   999.99  99.99 99.99
Rest N    IC-5152                        dIrr        0.025  26.45  0.05  0.05  1950  45  45  1945    81   2211     68  2047    73  10.9 99.9 99.9   0.38  -15.6 99.9 99.9   550 999 999   270.00000   99.9 99.9 99.9   99.9 99.9   8.7e+01  99.9 99.9  999.9 99.9   999.99  99.99 99.99
Rest N    KKH-98                         dIrr        0.123  27.01  0.09  0.09  2523 105 105  2526    60   1762    184  2140   152  15.2  0.3  0.3   0.41  -11.8  0.3  0.3   470  48  48     4.50000   99.9 99.9 99.9   99.9 99.9   6.6e+00  99.9 99.9  999.9 99.9   999.99  -1.94  0.25
Rest N    UKS-2323-326                   dIrr        0.015  26.72  0.09  0.09  2208  92  92  2205    74   2153    107  2145    99  13.5  0.2  0.2   0.10  -13.2  0.2  0.2   578  69  69    17.00000   99.9 99.9 99.9   99.9 99.9   1.7e+01  99.9 99.9  999.9 99.9   999.99  -1.68  0.19
Rest N    KKR-3                          dIrr        0.014  26.70  0.12  0.12  2188 121 121  2187   135   2464    121  2297   127  17.2  0.3  0.3   0.05   -9.5  0.3  0.3   229  28  28     0.54000   99.9 99.9 99.9   99.9 99.9   2.5e+00   7.5  0.5  999.9 99.9   999.99  -2.02  0.25
Rest N    GR-8                           dIrr        0.026  26.69  0.12  0.12  2178 120 120  2177   182   2699    117  2421   136  14.5  0.2  0.2   0.20  -12.2  0.2  0.2   203  28  28     6.40000   99.9 99.9 99.9   99.9 99.9   1.1e+01   7.0  0.2  999.9 99.9   999.99  99.99 99.99
Rest N    UGC-9128                       dIrr        0.023  26.80  0.04  0.04  2291  42  42  2288   195   2686    159  2465   172  14.4  0.3  0.3   0.40  -12.4  0.3  0.3   427  47  47     7.80000   99.9 99.9 99.9   99.9 99.9   1.8e+01  15.0 99.9   56.0 99.9   999.99  -2.33  0.24
Rest N    UGC-8508                       dIrr        0.015  27.06  0.03  0.03  2582  36  36  2583   165   2609    184  2566   181  13.7  0.1  0.1   0.45  -13.4  0.1  0.1   315  30  30    19.00000   99.9 99.9 99.9   99.9 99.9   2.9e+01  99.9 99.9   31.2  2.3   999.99  -1.91  0.19
Rest N    IC-3104                        dIrr        0.410  26.78  0.18  0.18  2270 188 188  2266   242   2923    144  2588   170  12.8 99.9 99.9   0.52  -14.0 99.9 99.9  1327 999 999    62.00000   99.9 99.9 99.9   99.9 99.9   1.3e+01  99.9 99.9  999.9 99.9   999.99  99.99 99.99
Rest N    DDO-125                        dIrr        0.020  27.06  0.05  0.05  2582  59  59  2584   245   2764    237  2646   240  12.7  0.3  0.3   0.41  -14.4  0.3  0.3   781  77  77    47.00000   99.9 99.9 99.9   99.9 99.9   3.5e+01   7.3  1.5   11.2  2.7   999.99  -1.73  0.17
Rest N    UGCA-86                        dIrr        0.938  27.36  0.17  0.17  2965 232 232  2971   209   2387    302  2663   275  14.2 99.9 99.9   0.32  -13.2 99.9 99.9   811 999 999    16.00000   99.9 99.9 99.9   99.9 99.9   8.6e+02   8.8  1.0  122.0  5.0   999.99  99.99 99.99
Rest N    DDO-99                         dIrr        0.026  27.07  0.14  0.14  2594 167 167  2596   272   2824    252  2683   257  13.9  0.1  0.1   0.29  -13.2  0.2  0.2   679  81  81    16.00000   99.9 99.9 99.9   99.9 99.9   5.2e+01  99.9 99.9  999.9 99.9   999.99  -2.13  0.22
Rest N    IC-4662                        dIrr        0.070  26.94  0.17  0.17  2443 191 191  2436   192   3027    116  2722   139  11.1  0.3  0.3   0.27  -15.8  0.3  0.3   341  44  44   190.00000   99.9 99.9 99.9   99.9 99.9   1.8e+02  99.9 99.9  999.9 99.9   999.99  -1.34  0.13
Rest N    DDO-190                        dIrr        0.012  27.23  0.03  0.03  2793  39  39  2793   256   2917    263  2829   263  12.8  0.1  0.1   0.10  -14.4  0.1  0.1   520  49  49    51.00000   99.9 99.9 99.9   99.9 99.9   4.3e+01  10.0  2.4   24.7  2.5   999.99  -2.00  0.08
Rest N    KKH-86                         dIrr        0.027  27.06  0.16  0.16  2582 190 190  2578   259   3157    186  2856   209  17.1  0.3  0.3   0.39  -10.0  0.3  0.3   210  27  27     0.82000   99.9 99.9 99.9   99.9 99.9   8.8e-01  99.9 99.9  999.9 99.9   999.99  -2.33  0.29
Rest N    NGC-4163                       dIrr        0.020  27.28  0.03  0.03  2858  39  39  2860   184   3119    159  2966   166  13.2  0.3  0.3   0.30  -14.1  0.3  0.3   374  42  42    37.00000   99.9 99.9 99.9   99.9 99.9   7.9e+00   7.4 99.9    8.7 99.9   999.99  -1.65  0.15
Rest N    DDO-113                        dIrr        0.020  27.35  0.06  0.06  2951  82  82  2953   305   3210    280  3058   287  16.4  0.3  0.3   0.00  -11.0  0.3  0.3   601  62  62     2.10000   99.9 99.9 99.9   99.9 99.9   4.8e+01  99.9 99.9  999.9 99.9   999.99  -1.99  0.21

